SOURCE,NAME,TARGET
0101,,0101
0102,,0102
0100,,0100
0301,,0301
0302,,0302
0303,,0303
0300,,0300
1001,,1001
1002,,1002
1003,,1003
1004,,1004
1005,,1005
1000,,1000
1101,,1101
1102,,1102
1103,,1103
1104,,1104
1105,,1105
1100,,1100
1201,,1201
1202,,1202
1203,,1203
1204,,1204
1205,,1205
1200,,1200
1301,,1301
1302,,1302
1303,,1303
1300,,1300
1401,,1401
1402,,1402
1403,,1403
1404,,1404
1400,,1400
1901,,1901
1903,,1903
1904,,1904
1900,,1900
2001,,2001
2002,,2002
2003,,2003
2004,,2004
2005,,2005
2006,,2006
2000,,2000
