SOURCE,NAME,TARGET
04013,,04013
04032,,04032
04902,,04902
04064,,04064
04066,,04066
04079,,04079
04100,,04100
11004,,11004
11006,,11006
11007,,11007
11012,,11012
11015,,11015
11016,,11016
11014,,11014
11027,,11027
11020,,11020
11030,,11030
11032,,11032
11035,,11035
11039,,11039
14021,,14021
11033,,11033
18017,,18017
18087,,18087
18134,,18134
21005,,21005
21010,,21010
21021,,21021
21041,,21041
21042,,21042
21044,,21044
21050,,21050
21060,,21060
23009,,23009
23028,,23028
23050,,23050
23047,,23047
23092,,23092
29015,,29015
29025,,29025
29051,,29051
29054,,29054
29067,,29067
29069,,29069
29075,,29075
29084,,29084
29901,,29901
29094,,29094
41091,,41091
14055,,14055
21007,,21007
29053,,29053
41032,,41032
18904,,18904
18094,,18094
23081,,23081
23904,,23904
29070,,29070
