SOURCE,NAME,TARGET
00,,00
108,,108
66,,66
0108,,0108
010,,010
020,,020
03,,03
04,,04
05,,05
06,,06
07,,07
08,,08
09,,09
10,,10
11,,11
12,,12
13,,13
14,,14
15,,15
16,,16
17,,17
02,,02
19,,19
20,,20
00126,,00126
00102,,00102
00103,,00103
00107,,00107
00109,,00109
00110,,00110
00111,,00111
00113,,00113
00115,,00115
00117,,00117
00121,,00121
00122,,00122
00123,,00123
00125,,00125
00143,,00143
00131,,00131
0028,,0028
00120,,00120
00154,,00154
00132,,00132
0036,,0036
00415,,00415
00302,,00302
0042,,0042
0043,,0043
0051,,0051
066,,066
