SOURCE,NAME,TARGET
C01,,C01
C02,,C02
C03,,C03
C04,,C04
C05,,C05
C06,,C06
C07,,C07
C08,,C08
C09,,C09
C10,,C10
C11,,C11
C12,,C12
C13,,C13
C14,,C14
C15,,C15
C16,,C16
C17,,C17
C18,,C18
108,,108
04,,04
11,,11
14,,14
18,,18
21,,21
23,,23
29,,29
41,,41
00,,00
UE27NRU,,UE27NRU
UE28,,UE28
103,,103
104,,104
143,,143
107,,107
126,,126
141,,141
113,,113
111,,111
110,,110
146,,146
115,,115
106,,106
136,,136
142,,142
117,,117
112,,112
118,,118
121,,121
102,,102
122,,122
123,,123
128,,128
147,,147
144,,144
109,,109
131,,131
125,,125
114,,114
116,,116
120,,120
132,,132
156,,156
157,,157
436,,436
EA19,,EA19
UE15,,UE15
158,,158
101,,101
UE27,,UE27
UE25,,UE25
04001,,04001
04002,,04002
04003,,04003
04004,,04004
04005,,04005
04006,,04006
04007,,04007
04008,,04008
04009,,04009
04010,,04010
04011,,04011
04012,,04012
04013,,04013
04014,,04014
04015,,04015
04016,,04016
04017,,04017
04018,,04018
04019,,04019
04904,,04904
04020,,04020
04021,,04021
04022,,04022
04023,,04023
04024,,04024
04026,,04026
04027,,04027
04028,,04028
04029,,04029
04030,,04030
04031,,04031
04032,,04032
04033,,04033
04036,,04036
04037,,04037
04034,,04034
04035,,04035
04038,,04038
04902,,04902
04041,,04041
04043,,04043
04044,,04044
04045,,04045
04046,,04046
04047,,04047
04049,,04049
04050,,04050
04051,,04051
04052,,04052
04053,,04053
04054,,04054
04055,,04055
04903,,04903
04056,,04056
04901,,04901
04057,,04057
04058,,04058
04048,,04048
04059,,04059
04060,,04060
04061,,04061
04062,,04062
04063,,04063
04064,,04064
04065,,04065
04066,,04066
04067,,04067
04068,,04068
04069,,04069
04070,,04070
04071,,04071
04072,,04072
04073,,04073
04074,,04074
04075,,04075
04076,,04076
04077,,04077
04078,,04078
04079,,04079
04080,,04080
04081,,04081
04082,,04082
04083,,04083
04084,,04084
04085,,04085
04086,,04086
04087,,04087
04088,,04088
04089,,04089
04090,,04090
04091,,04091
04092,,04092
04093,,04093
04094,,04094
04095,,04095
04096,,04096
04097,,04097
04098,,04098
04099,,04099
04100,,04100
04101,,04101
04102,,04102
04103,,04103
11001,,11001
11002,,11002
11003,,11003
11004,,11004
11005,,11005
11006,,11006
11007,,11007
11901,,11901
11009,,11009
11010,,11010
11012,,11012
11013,,11013
11015,,11015
11016,,11016
11014,,11014
11011,,11011
11018,,11018
11027,,11027
11017,,11017
11019,,11019
11020,,11020
11021,,11021
11022,,11022
11008,,11008
11023,,11023
11024,,11024
11025,,11025
11026,,11026
11028,,11028
11029,,11029
11030,,11030
11031,,11031
11902,,11902
11903,,11903
11033,,11033
11032,,11032
11034,,11034
11035,,11035
11036,,11036
11037,,11037
11038,,11038
11039,,11039
11040,,11040
11041,,11041
11042,,11042
14001,,14001
14002,,14002
14003,,14003
14004,,14004
14005,,14005
14006,,14006
14007,,14007
14008,,14008
14009,,14009
14010,,14010
14012,,14012
14013,,14013
14014,,14014
14015,,14015
14016,,14016
14019,,14019
14020,,14020
14021,,14021
14022,,14022
14023,,14023
14018,,14018
14034,,14034
14074,,14074
14024,,14024
14025,,14025
14026,,14026
14027,,14027
14901,,14901
14028,,14028
14029,,14029
14030,,14030
14031,,14031
14033,,14033
14035,,14035
14036,,14036
14037,,14037
14017,,14017
14032,,14032
14902,,14902
14057,,14057
14065,,14065
14011,,14011
14038,,14038
14039,,14039
14040,,14040
14041,,14041
14042,,14042
14043,,14043
14044,,14044
14045,,14045
14046,,14046
14047,,14047
14048,,14048
14049,,14049
14050,,14050
14051,,14051
14052,,14052
14053,,14053
14054,,14054
14055,,14055
14056,,14056
14058,,14058
14059,,14059
14061,,14061
14060,,14060
14062,,14062
14063,,14063
14064,,14064
14066,,14066
14067,,14067
14068,,14068
14069,,14069
14070,,14070
14071,,14071
14072,,14072
14073,,14073
14075,,14075
21001,,21001
21002,,21002
21004,,21004
21005,,21005
21006,,21006
21007,,21007
21008,,21008
21009,,21009
21010,,21010
21011,,21011
21012,,21012
21013,,21013
21014,,21014
21015,,21015
21016,,21016
21017,,21017
21019,,21019
21020,,21020
21021,,21021
21022,,21022
21030,,21030
21024,,21024
21025,,21025
21026,,21026
21027,,21027
21028,,21028
21029,,21029
21003,,21003
21018,,21018
21023,,21023
21037,,21037
21031,,21031
21032,,21032
21033,,21033
21034,,21034
21035,,21035
21038,,21038
21039,,21039
21040,,21040
21041,,21041
21042,,21042
21043,,21043
21036,,21036
21051,,21051
21054,,21054
21902,,21902
21044,,21044
21045,,21045
21048,,21048
21046,,21046
21047,,21047
21049,,21049
21050,,21050
21052,,21052
21053,,21053
21055,,21055
21056,,21056
21057,,21057
21058,,21058
21059,,21059
21060,,21060
21061,,21061
21062,,21062
21063,,21063
21064,,21064
21066,,21066
21065,,21065
21067,,21067
21068,,21068
21069,,21069
21070,,21070
21071,,21071
21072,,21072
21073,,21073
21074,,21074
21075,,21075
21076,,21076
21077,,21077
21078,,21078
21079,,21079
23001,,23001
23002,,23002
23003,,23003
23004,,23004
23005,,23005
23006,,23006
23007,,23007
23008,,23008
23905,,23905
23009,,23009
23010,,23010
23011,,23011
23012,,23012
23902,,23902
23014,,23014
23015,,23015
23016,,23016
23017,,23017
23018,,23018
23019,,23019
23020,,23020
23021,,23021
23901,,23901
23025,,23025
23026,,23026
23027,,23027
23028,,23028
23029,,23029
23030,,23030
23031,,23031
23032,,23032
23033,,23033
23034,,23034
23035,,23035
23037,,23037
23039,,23039
23041,,23041
23042,,23042
23043,,23043
23044,,23044
23045,,23045
23046,,23046
23048,,23048
23049,,23049
23050,,23050
23051,,23051
23052,,23052
23053,,23053
23024,,23024
23038,,23038
23047,,23047
23072,,23072
23040,,23040
23054,,23054
23055,,23055
23056,,23056
23099,,23099
23057,,23057
23058,,23058
23059,,23059
23060,,23060
23061,,23061
23062,,23062
23063,,23063
23064,,23064
23065,,23065
23066,,23066
23067,,23067
23069,,23069
23070,,23070
23071,,23071
23073,,23073
23074,,23074
23075,,23075
23076,,23076
23077,,23077
23904,,23904
23079,,23079
23080,,23080
23081,,23081
23082,,23082
23084,,23084
23085,,23085
23086,,23086
23087,,23087
23088,,23088
23090,,23090
23091,,23091
23092,,23092
23093,,23093
23094,,23094
23095,,23095
23096,,23096
23097,,23097
23098,,23098
23101,,23101
23903,,23903
29001,,29001
29002,,29002
29003,,29003
29004,,29004
29005,,29005
29006,,29006
29007,,29007
29008,,29008
29009,,29009
29010,,29010
29011,,29011
29012,,29012
29013,,29013
29014,,29014
29015,,29015
29016,,29016
29017,,29017
29018,,29018
29019,,29019
29020,,29020
29021,,29021
29022,,29022
29023,,29023
29024,,29024
29025,,29025
29026,,29026
29027,,29027
29028,,29028
29029,,29029
29032,,29032
29033,,29033
29034,,29034
29035,,29035
29036,,29036
29037,,29037
29038,,29038
29039,,29039
29040,,29040
29041,,29041
29042,,29042
29043,,29043
29044,,29044
29045,,29045
29046,,29046
29047,,29047
29049,,29049
29048,,29048
29050,,29050
29030,,29030
29031,,29031
29051,,29051
29052,,29052
29053,,29053
29054,,29054
29055,,29055
29056,,29056
29057,,29057
29058,,29058
29059,,29059
29060,,29060
29061,,29061
29062,,29062
29063,,29063
29064,,29064
29065,,29065
29066,,29066
29067,,29067
29068,,29068
29069,,29069
29070,,29070
29071,,29071
29072,,29072
29073,,29073
29903,,29903
29074,,29074
29075,,29075
29076,,29076
29077,,29077
29079,,29079
29080,,29080
29081,,29081
29082,,29082
29083,,29083
29084,,29084
29085,,29085
29086,,29086
29087,,29087
29904,,29904
29088,,29088
29089,,29089
29090,,29090
29901,,29901
29091,,29091
29092,,29092
29093,,29093
29094,,29094
29095,,29095
29902,,29902
29098,,29098
29096,,29096
29097,,29097
29099,,29099
29100,,29100
18001,,18001
18002,,18002
18003,,18003
18004,,18004
18005,,18005
18006,,18006
18007,,18007
18010,,18010
18011,,18011
18012,,18012
18013,,18013
18014,,18014
18015,,18015
18016,,18016
18017,,18017
18904,,18904
18018,,18018
18020,,18020
18021,,18021
18022,,18022
18023,,18023
18024,,18024
18025,,18025
18027,,18027
18028,,18028
18029,,18029
18030,,18030
18032,,18032
18033,,18033
18034,,18034
18035,,18035
18036,,18036
18037,,18037
18038,,18038
18039,,18039
18040,,18040
18042,,18042
18043,,18043
18044,,18044
18045,,18045
18046,,18046
18047,,18047
18059,,18059
18061,,18061
18062,,18062
18048,,18048
18049,,18049
18050,,18050
18051,,18051
18053,,18053
18054,,18054
18912,,18912
18056,,18056
18057,,18057
18063,,18063
18064,,18064
18065,,18065
18066,,18066
18067,,18067
18068,,18068
18069,,18069
18915,,18915
18070,,18070
18071,,18071
18910,,18910
18902,,18902
18072,,18072
18074,,18074
18076,,18076
18077,,18077
18078,,18078
18079,,18079
18082,,18082
18083,,18083
18084,,18084
18085,,18085
18086,,18086
18087,,18087
18088,,18088
18089,,18089
18093,,18093
18094,,18094
18095,,18095
18096,,18096
18097,,18097
18098,,18098
18099,,18099
18100,,18100
18101,,18101
18102,,18102
18103,,18103
18105,,18105
18106,,18106
18107,,18107
18108,,18108
18109,,18109
18111,,18111
18112,,18112
18114,,18114
18126,,18126
18154,,18154
18901,,18901
18193,,18193
18115,,18115
18116,,18116
18117,,18117
18905,,18905
18119,,18119
18120,,18120
18121,,18121
18122,,18122
18906,,18906
18123,,18123
18124,,18124
18127,,18127
18128,,18128
18132,,18132
18133,,18133
18134,,18134
18135,,18135
18136,,18136
18137,,18137
18138,,18138
18909,,18909
18140,,18140
18141,,18141
18903,,18903
18143,,18143
18144,,18144
18145,,18145
18146,,18146
18147,,18147
18148,,18148
18150,,18150
18151,,18151
18152,,18152
18153,,18153
18157,,18157
18158,,18158
18159,,18159
18162,,18162
18163,,18163
18164,,18164
18165,,18165
18167,,18167
18168,,18168
18170,,18170
18171,,18171
18173,,18173
18174,,18174
18175,,18175
18176,,18176
18177,,18177
18178,,18178
18916,,18916
18179,,18179
18180,,18180
18181,,18181
18182,,18182
18914,,18914
18907,,18907
18183,,18183
18911,,18911
18184,,18184
18185,,18185
18149,,18149
18908,,18908
18187,,18187
18188,,18188
18189,,18189
18192,,18192
18913,,18913
18194,,18194
41001,,41001
41002,,41002
41003,,41003
41004,,41004
41005,,41005
41006,,41006
41008,,41008
41009,,41009
41010,,41010
41011,,41011
41012,,41012
41013,,41013
41014,,41014
41015,,41015
41016,,41016
41017,,41017
41018,,41018
41019,,41019
41021,,41021
41023,,41023
41901,,41901
41024,,41024
41025,,41025
41026,,41026
41027,,41027
41028,,41028
41029,,41029
41030,,41030
41032,,41032
41033,,41033
41034,,41034
41035,,41035
41038,,41038
41039,,41039
41031,,41031
41036,,41036
41903,,41903
41043,,41043
41057,,41057
41904,,41904
41073,,41073
41080,,41080
41083,,41083
41084,,41084
41090,,41090
41102,,41102
41040,,41040
41041,,41041
41042,,41042
41044,,41044
41045,,41045
41046,,41046
41047,,41047
41048,,41048
41049,,41049
41050,,41050
41051,,41051
41902,,41902
41007,,41007
41022,,41022
41056,,41056
41077,,41077
41078,,41078
41079,,41079
41081,,41081
41082,,41082
41052,,41052
41020,,41020
41066,,41066
41053,,41053
41054,,41054
41055,,41055
41037,,41037
41063,,41063
41069,,41069
41058,,41058
41059,,41059
41060,,41060
41061,,41061
41062,,41062
41064,,41064
41065,,41065
41067,,41067
41068,,41068
41070,,41070
41071,,41071
41072,,41072
41074,,41074
41075,,41075
41076,,41076
41085,,41085
41086,,41086
41088,,41088
41087,,41087
41089,,41089
41091,,41091
41092,,41092
41093,,41093
41094,,41094
41095,,41095
41096,,41096
41097,,41097
41100,,41100
41098,,41098
41099,,41099
41101,,41101
18161,,18161
14NC,,14NC
04039,,04039
04025,,04025
04040,,04040
04042,,04042
04504,,04504
04NC,,04NC
11NC,,11NC
14502,,14502
21NC,,21NC
23013,,23013
23022,,23022
23023,,23023
23036,,23036
23068,,23068
23078,,23078
23083,,23083
23089,,23089
23100,,23100
23NC,,23NC
29502,,29502
29505,,29505
29078,,29078
29NC,,29NC
41NC,,41NC
RE,,RE
18500,,18500
18008,,18008
18009,,18009
18019,,18019
18502,,18502
18026,,18026
18031,,18031
18041,,18041
18058,,18058
18060,,18060
18505,,18505
18504,,18504
18052,,18052
18055,,18055
18073,,18073
18075,,18075
18506,,18506
18080,,18080
18081,,18081
18090,,18090
18091,,18091
18092,,18092
18104,,18104
18110,,18110
18113,,18113
18118,,18118
18125,,18125
18507,,18507
18129,,18129
18130,,18130
18508,,18508
18131,,18131
18509,,18509
18139,,18139
18510,,18510
18142,,18142
18511,,18511
18155,,18155
18156,,18156
18160,,18160
18512,,18512
18166,,18166
18169,,18169
18172,,18172
18513,,18513
18186,,18186
18190,,18190
18191,,18191
18NC,,18NC
C01NC,,C01NC
C01NC000,,C01NC000
